n 21
f Suzanne 0 1.0 0.0 0.0 0.0 0.0 1.0 0.0 0.0 0.0 0.0 1.0 0.0 0.0 0.0 0.0 1.0
f Cube.001 0 1.0 0.0 -5.2110773944745594e-33 0.0 0.0 1.0 0.0 0.0 5.2110773944745594e-33 0.0 1.0 0.0 -3.272064565304656e-33 0.0 0.0 1.0
f Cube.002 0 1.0 0.0 4.60845911349956e-33 0.0 0.0 1.0 0.0 0.0 -4.60845911349956e-33 0.0 1.0 0.0 0.0 0.0 2.1903630924054712e-33 1.0
f Cone.001 0 1.0 0.0 0.0 0.0 0.0 1.0 0.0 0.0 0.0 0.0 1.0 0.0 0.0 0.0 0.0 1.0
f Cone 0 1.0 0.0 0.0 0.0 0.0 1.0 0.0 0.0 0.0 0.0 1.0 0.0 -1.8666069689340583e-33 0.0 0.0 1.0
f Cube 0 1.0 0.0 0.0 0.0 0.0 1.0 0.0 0.0 0.0 0.0 1.0 0.0 0.0 0.0 0.0 1.0
f Suzanne 1 1.0 0.0 0.0 0.0 0.0 1.0 0.0 0.0 0.0 0.0 1.0 0.0 0.0 0.0 0.0 1.0
f Cube.001 1 0.9999217987060547 0.0 -0.012504929676651955 0.0 0.0 1.0 0.0 0.0 0.012504929676651955 0.0 0.9999217987060547 0.0 -0.007848851382732391 0.0 -0.002259396482259035 1.0
f Cube.002 1 0.9999388456344604 0.0 0.011057243682444096 0.0 0.0 1.0 0.0 0.0 -0.011057243682444096 0.0 0.9999388456344604 0.0 0.004986396059393883 0.0 0.005253337323665619 1.0
f Cone.001 1 1.0 0.0 0.0 0.0 0.0 1.0 0.0 0.0 0.0 0.0 1.0 0.0 0.0 0.0 0.0 1.0
f Cone 1 0.9984709620475769 -0.055278945714235306 0.0 0.0 0.055278945714235306 0.9984709620475769 0.0 0.0 0.0 0.0 1.0 0.0 -0.004665624815970659 -0.01803530938923359 0.0 1.0
f Cube 1 1.0 0.0 0.0 0.0 0.0 1.0 0.0 0.0 0.0 0.0 1.0 0.0 0.0 0.0 0.0 1.0
f Suzanne 2 1.0 0.0 0.0 0.0 0.0 1.0 0.0 0.0 0.0 0.0 1.0 0.0 0.0 0.0 0.0 1.0
f Cube.001 2 0.9987435340881348 0.0 -0.05011381953954697 0.0 0.0 1.0 0.0 0.0 0.05011381953954697 0.0 0.9987435340881348 0.0 -0.031469132751226425 0.0 -0.009059206582605839 1.0
f Cube.002 2 0.9990175366401672 0.0 0.04431714117527008 0.0 0.0 1.0 0.0 0.0 -0.04431714117527008 0.0 0.9990175366401672 0.0 0.019992994144558907 0.0 0.021063251420855522 1.0
f Cone.001 2 1.0 0.0 0.0 0.0 0.0 1.0 0.0 0.0 0.0 0.0 1.0 0.0 0.0 0.0 0.0 1.0
f Cone 2 0.9763286113739014 -0.216292604804039 0.0 0.0 0.216292604804039 0.9763286113739014 0.0 0.0 0.0 0.0 1.0 0.0 -0.01884673722088337 -0.0710296556353569 0.0 1.0
f Cube 2 1.0 0.0 0.0 0.0 0.0 1.0 0.0 0.0 0.0 0.0 1.0 0.0 0.0 0.0 0.0 1.0
f Suzanne 3 1.0 0.0 0.0 0.0 0.0 1.0 0.0 0.0 0.0 0.0 1.0 0.0 0.0 0.0 0.0 1.0
f Cube.001 3 0.993811845779419 0.0 -0.11107661575078964 0.0 0.0 1.0 0.0 0.0 0.11107661575078964 0.0 0.993811845779419 0.0 -0.06987138837575912 0.0 -0.020115241408348083 1.0
f Cube.002 3 0.9951601624488831 0.0 0.09826645255088806 0.0 0.0 1.0 0.0 0.0 -0.09826645255088806 0.0 0.9951601624488831 0.0 0.04439210891723633 0.0 0.04676838219165802 1.0
f Cone.001 3 1.0 0.0 0.0 0.0 0.0 1.0 0.0 0.0 0.0 0.0 1.0 0.0 0.0 0.0 0.0 1.0
f Cone 3 0.9017483592033386 -0.4322613775730133 0.0 0.0 0.4322613775730133 0.9017483592033386 0.0 0.0 0.0 0.0 1.0 0.0 -0.03984753414988518 -0.14500932395458221 0.0 1.0
f Cube 3 1.0 0.0 0.0 0.0 0.0 1.0 0.0 0.0 0.0 0.0 1.0 0.0 0.0 0.0 0.0 1.0
f Suzanne 4 1.0 0.0 0.0 0.0 0.0 1.0 0.0 0.0 0.0 0.0 1.0 0.0 0.0 0.0 0.0 1.0
f Cube.001 4 0.9817579984664917 0.0 -0.19013474881649017 0.0 0.0 1.0 0.0 0.0 0.19013474881649017 0.0 0.9817579984664917 0.0 -0.12009567767381668 0.0 -0.03457591310143471 1.0
f Cube.002 4 0.9857255220413208 0.0 0.16836020350456238 0.0 0.0 1.0 0.0 0.0 -0.16836020350456238 0.0 0.9857255220413208 0.0 0.07630395889282227 0.0 0.08038825541734695 1.0
f Cone.001 4 1.0 0.0 0.0 0.0 0.0 1.0 0.0 0.0 0.0 0.0 1.0 0.0 0.0 0.0 0.0 1.0
f Cone 4 0.7864980101585388 -0.6175928115844727 0.0 0.0 0.6175928115844727 0.7864980101585388 0.0 0.0 0.0 0.0 1.0 0.0 -0.06163991987705231 -0.21421866118907928 0.0 1.0
f Cube 4 1.0 0.0 0.0 0.0 0.0 1.0 0.0 0.0 0.0 0.0 1.0 0.0 0.0 0.0 0.0 1.0
f Suzanne 5 1.0 0.0 0.0 0.0 0.0 1.0 0.0 0.0 0.0 0.0 1.0 0.0 0.0 0.0 0.0 1.0
f Cube.001 5 0.9605279564857483 0.0 -0.27818337082862854 0.0 0.0 1.0 0.0 0.0 0.27818337082862854 0.0 0.9605279564857483 0.0 -0.17698760330677032 0.0 -0.05095740407705307 1.0
f Cube.002 5 0.9690872430801392 0.0 0.24671821296215057 0.0 0.0 1.0 0.0 0.0 -0.24671821296215057 0.0 0.9690872430801392 0.0 0.1124538704752922 0.0 0.11847291141748428 1.0
f Cone.001 5 1.0 0.0 0.0 0.0 0.0 1.0 0.0 0.0 0.0 0.0 1.0 0.0 0.0 0.0 0.0 1.0
f Cone 5 0.6849495768547058 -0.7285904884338379 0.0 0.0 0.7285904884338379 0.6849495768547058 0.0 0.0 0.0 0.0 1.0 0.0 -0.07925543189048767 -0.2598459720611572 0.0 1.0
f Cube 5 1.0 0.0 0.0 0.0 0.0 1.0 0.0 0.0 0.0 0.0 1.0 0.0 0.0 0.0 0.0 1.0
f Suzanne 6 1.0 0.0 0.0 0.0 0.0 1.0 0.0 0.0 0.0 0.0 1.0 0.0 0.0 0.0 0.0 1.0
f Cube.001 6 0.9314225912094116 0.0 -0.3639395236968994 0.0 0.0 1.0 0.0 0.0 0.3639395236968994 0.0 0.9314225912094116 0.0 -0.2338767796754837 0.0 -0.06733883917331696 1.0
f Cube.002 6 0.9462330937385559 0.0 0.3234856426715851 0.0 0.0 1.0 0.0 0.0 -0.3234856426715851 0.0 0.9462330937385559 0.0 0.14860306680202484 0.0 0.15655674040317535 1.0
f Cone.001 6 1.0 0.0 0.0 0.0 0.0 1.0 0.0 0.0 0.0 0.0 1.0 0.0 0.0 0.0 0.0 1.0
f Cone 6 0.6252103447914124 -0.7804562449455261 0.0 0.0 0.7804562449455261 0.6252103447914124 0.0 0.0 0.0 0.0 1.0 0.0 -0.09024699777364731 -0.2867482006549835 0.0 1.0
f Cube 6 1.0 0.0 0.0 0.0 0.0 1.0 0.0 0.0 0.0 0.0 1.0 0.0 0.0 0.0 0.0 1.0
f Suzanne 7 1.0 0.0 0.0 0.0 0.0 1.0 0.0 0.0 0.0 0.0 1.0 0.0 0.0 0.0 0.0 1.0
f Cube.001 7 0.8993749022483826 0.0 -0.43717819452285767 0.0 0.0 1.0 0.0 0.0 0.43717819452285767 0.0 0.8993749022483826 0.0 -0.2840940058231354 0.0 -0.08179932832717896 1.0
f Cube.002 7 0.9210096001625061 0.0 0.38953980803489685 0.0 0.0 1.0 0.0 0.0 -0.38953980803489685 0.0 0.9210096001625061 0.0 0.18051311373710632 0.0 0.19017449021339417 1.0
f Cone.001 7 1.0 0.0 0.0 0.0 0.0 1.0 0.0 0.0 0.0 0.0 1.0 0.0 0.0 0.0 0.0 1.0
f Cone 7 0.602692186832428 -0.7979737520217896 0.0 0.0 0.7979737520217896 0.602692186832428 0.0 0.0 0.0 0.0 1.0 0.0 -0.0958504006266594 -0.3037060797214508 0.0 1.0
f Cube 7 1.0 0.0 0.0 0.0 0.0 1.0 0.0 0.0 0.0 0.0 1.0 0.0 0.0 0.0 0.0 1.0
f Suzanne 8 1.0 0.0 0.0 0.0 0.0 1.0 0.0 0.0 0.0 0.0 1.0 0.0 0.0 0.0 0.0 1.0
f Cube.001 8 0.8709828853607178 0.0 -0.4913133978843689 0.0 0.0 1.0 0.0 0.0 0.4913133978843689 0.0 0.8709828853607178 0.0 -0.32248806953430176 0.0 -0.09285517036914825 1.0
f Cube.002 8 0.8986111879348755 0.0 0.4387458860874176 0.0 0.0 1.0 0.0 0.0 -0.4387458860874176 0.0 0.8986111879348755 0.0 0.20491011440753937 0.0 0.21587716042995453 1.0
f Cone.001 8 1.0 0.0 0.0 0.0 0.0 1.0 0.0 0.0 0.0 0.0 1.0 0.0 0.0 0.0 0.0 1.0
f Cone 8 0.5932977199554443 -0.8049831390380859 0.0 0.0 0.8049831390380859 0.5932977199554443 0.0 0.0 0.0 0.0 1.0 0.0 -0.10267843306064606 -0.31186559796333313 0.0 1.0
f Cube 8 1.0 0.0 0.0 0.0 0.0 1.0 0.0 0.0 0.0 0.0 1.0 0.0 0.0 0.0 0.0 1.0
f Suzanne 9 1.0 0.0 0.0 0.0 0.0 1.0 0.0 0.0 0.0 0.0 1.0 0.0 0.0 0.0 0.0 1.0
f Cube.001 9 0.8518959879875183 0.0 -0.5237109661102295 0.0 0.0 1.0 0.0 0.0 0.5237109661102295 0.0 0.8518959879875183 0.0 -0.3461020588874817 0.0 -0.09965482354164124 1.0
f Cube.002 9 0.8835257291793823 0.0 0.4683825671672821 0.0 0.0 1.0 0.0 0.0 -0.4683825671672821 0.0 0.8835257291793823 0.0 0.21991510689258575 0.0 0.23168519139289856 1.0
f Cone.001 9 1.0 0.0 0.0 0.0 0.0 1.0 0.0 0.0 0.0 0.0 1.0 0.0 0.0 0.0 0.0 1.0
f Cone 9 0.5575544834136963 -0.8301403522491455 0.0 0.0 0.8301403522491455 0.5575544834136963 0.0 0.0 0.0 0.0 1.0 0.0 -0.11869628727436066 -0.3160242736339569 0.0 1.0
f Cube 9 1.0 0.0 0.0 0.0 0.0 1.0 0.0 0.0 0.0 0.0 1.0 0.0 0.0 0.0 0.0 1.0
f Suzanne 10 1.0 0.0 0.0 0.0 0.0 1.0 0.0 0.0 0.0 0.0 1.0 0.0 0.0 0.0 0.0 1.0
f Cube.001 10 0.8452854752540588 0.0 -0.5343149304389954 0.0 0.0 1.0 0.0 0.0 0.5343149304389954 0.0 0.8452854752540588 0.0 -0.35394856333732605 0.0 -0.1019141674041748 1.0
f Cube.002 10 0.8782958388328552 0.0 0.47811755537986755 0.0 0.0 1.0 0.0 0.0 -0.47811755537986755 0.0 0.8782958388328552 0.0 0.22490090131759644 0.0 0.23693782091140747 1.0
f Cone.001 10 1.0 0.0 0.0 0.0 0.0 1.0 0.0 0.0 0.0 0.0 1.0 0.0 0.0 0.0 0.0 1.0
f Cone 10 0.46696043014526367 -0.8842782378196716 0.0 0.0 0.8842782378196716 0.46696043014526367 0.0 0.0 0.0 0.0 1.0 0.0 -0.1474316567182541 -0.3211382329463959 0.0 1.0
f Cube 10 1.0 0.0 0.0 0.0 0.0 1.0 0.0 0.0 0.0 0.0 1.0 0.0 0.0 0.0 0.0 1.0
f Suzanne 11 1.0 0.0 0.0 0.0 0.0 1.0 0.0 0.0 0.0 0.0 1.0 0.0 0.0 0.0 0.0 1.0
f Cube.001 11 0.8518946766853333 0.0 -0.5237131118774414 0.0 0.0 1.0 0.0 0.0 0.5237131118774414 0.0 0.8518946766853333 0.0 -0.34610268473625183 0.0 -0.09965484589338303 1.0
f Cube.002 11 0.8835249543190002 0.0 0.46838411688804626 0.0 0.0 1.0 0.0 0.0 -0.46838411688804626 0.0 0.8835249543190002 0.0 0.2199152708053589 0.0 0.23168537020683289 1.0
f Cone.001 11 1.0 0.0 0.0 0.0 0.0 1.0 0.0 0.0 0.0 0.0 1.0 0.0 0.0 0.0 0.0 1.0
f Cone 11 0.2817530035972595 -0.9594869613647461 0.0 0.0 0.9594869613647461 0.2817530035972595 0.0 0.0 0.0 0.0 1.0 0.0 -0.204947829246521 -0.32701751589775085 0.0 1.0
f Cube 11 1.0 0.0 0.0 0.0 0.0 1.0 0.0 0.0 0.0 0.0 1.0 0.0 0.0 0.0 0.0 1.0
f Suzanne 12 1.0 0.0 0.0 0.0 0.0 1.0 0.0 0.0 0.0 0.0 1.0 0.0 0.0 0.0 0.0 1.0
f Cube.001 12 0.8709734678268433 0.0 -0.4913300573825836 0.0 0.0 1.0 0.0 0.0 0.4913300573825836 0.0 0.8709734678268433 0.0 -0.3224928081035614 0.0 -0.09285528212785721 1.0
f Cube.002 12 0.8986053466796875 0.0 0.4387577772140503 0.0 0.0 1.0 0.0 0.0 -0.4387577772140503 0.0 0.8986053466796875 0.0 0.20491133630275726 0.0 0.21587859094142914 1.0
f Cone.001 12 1.0 0.0 0.0 0.0 0.0 1.0 0.0 0.0 0.0 0.0 1.0 0.0 0.0 0.0 0.0 1.0
f Cone 12 -0.014394783414900303 -0.9998964071273804 0.0 0.0 0.9998964071273804 -0.014394783414900303 0.0 0.0 0.0 0.0 1.0 0.0 -0.30093878507614136 -0.3311169445514679 0.0 1.0
f Cube 12 1.0 0.0 0.0 0.0 0.0 1.0 0.0 0.0 0.0 0.0 1.0 0.0 0.0 0.0 0.0 1.0
f Suzanne 13 1.0 0.0 0.0 0.0 0.0 1.0 0.0 0.0 0.0 0.0 1.0 0.0 0.0 0.0 0.0 1.0
f Cube.001 13 0.8993496298789978 0.0 -0.4372301995754242 0.0 0.0 1.0 0.0 0.0 0.4372301995754242 0.0 0.8993496298789978 0.0 -0.28410837054252625 0.0 -0.08179967850446701 1.0
f Cube.002 13 0.9209940433502197 0.0 0.38957667350769043 0.0 0.0 1.0 0.0 0.0 -0.38957667350769043 0.0 0.9209940433502197 0.0 0.1805167943239212 0.0 0.19017881155014038 1.0
f Cone.001 13 1.0 0.0 0.0 0.0 0.0 1.0 0.0 0.0 0.0 0.0 1.0 0.0 0.0 0.0 0.0 1.0
f Cone 13 -0.32668882608413696 -0.9451319575309753 0.0 0.0 0.9451319575309753 -0.32668882608413696 0.0 0.0 0.0 0.0 1.0 0.0 -0.4076014757156372 -0.33325549960136414 0.0 1.0
f Cube 13 1.0 0.0 0.0 0.0 0.0 1.0 0.0 0.0 0.0 0.0 1.0 0.0 0.0 0.0 0.0 1.0
f Suzanne 14 1.0 0.0 0.0 0.0 0.0 1.0 0.0 0.0 0.0 0.0 1.0 0.0 0.0 0.0 0.0 1.0
f Cube.001 14 0.9313815832138062 0.0 -0.3640443682670593 0.0 0.0 1.0 0.0 0.0 0.3640443682670593 0.0 0.9313815832138062 0.0 -0.2339046746492386 0.0 -0.06733950227499008 1.0
f Cube.002 14 0.9462078809738159 0.0 0.32355937361717224 0.0 0.0 1.0 0.0 0.0 -0.32355937361717224 0.0 0.9462078809738159 0.0 0.14861024916172028 0.0 0.1565651148557663 1.0
f Cone.001 14 1.0 0.0 0.0 0.0 0.0 1.0 0.0 0.0 0.0 0.0 1.0 0.0 0.0 0.0 0.0 1.0
f Cone 14 -0.5321856141090393 -0.8466277122497559 0.0 0.0 0.8466277122497559 -0.5321856141090393 0.0 0.0 0.0 0.0 1.0 0.0 -0.4855153560638428 -0.3339471220970154 0.0 1.0
f Cube 14 1.0 0.0 0.0 0.0 0.0 1.0 0.0 0.0 0.0 0.0 1.0 0.0 0.0 0.0 0.0 1.0
f Suzanne 15 1.0 0.0 0.0 0.0 0.0 1.0 0.0 0.0 0.0 0.0 1.0 0.0 0.0 0.0 0.0 1.0
f Cube.001 15 0.9604832530021667 0.0 -0.2783377766609192 0.0 0.0 1.0 0.0 0.0 0.2783377766609192 0.0 0.9604832530021667 0.0 -0.17702747881412506 0.0 -0.05095836520195007 1.0
f Cube.002 15 0.9690598249435425 0.0 0.24682600796222687 0.0 0.0 1.0 0.0 0.0 -0.24682600796222687 0.0 0.9690598249435425 0.0 0.11246411502361298 0.0 0.11848489195108414 1.0
f Cone.001 15 1.0 0.0 0.0 0.0 0.0 1.0 0.0 0.0 0.0 0.0 1.0 0.0 0.0 0.0 0.0 1.0
f Cone 15 -0.5967147946357727 -0.8024533987045288 0.0 0.0 0.8024533987045288 -0.5967147946357727 0.0 0.0 0.0 0.0 1.0 0.0 -0.5123087167739868 -0.3340272009372711 0.0 1.0
f Cube 15 1.0 0.0 0.0 0.0 0.0 1.0 0.0 0.0 0.0 0.0 1.0 0.0 0.0 0.0 0.0 1.0
f Suzanne 16 1.0 0.0 0.0 0.0 0.0 1.0 0.0 0.0 0.0 0.0 1.0 0.0 0.0 0.0 0.0 1.0
f Cube.001 16 0.9817246198654175 0.0 -0.1903069168329239 0.0 0.0 1.0 0.0 0.0 0.1903069168329239 0.0 0.9817246198654175 0.0 -0.12013916671276093 0.0 -0.03457695618271828 1.0
f Cube.002 16 0.9857050776481628 0.0 0.16847985982894897 0.0 0.0 1.0 0.0 0.0 -0.16847985982894897 0.0 0.9857050776481628 0.0 0.07631512731313705 0.0 0.08040132373571396 1.0
f Cone.001 16 1.0 0.0 0.0 0.0 0.0 1.0 0.0 0.0 0.0 0.0 1.0 0.0 0.0 0.0 0.0 1.0
f Cone 16 -0.4318917393684387 -0.9019254446029663 0.0 0.0 0.9019254446029663 -0.4318917393684387 0.0 0.0 0.0 0.0 1.0 0.0 -0.46683916449546814 -0.30433526635169983 0.0 1.0
f Cube 16 1.0 0.0 0.0 0.0 0.0 1.0 0.0 0.0 0.0 0.0 1.0 0.0 0.0 0.0 0.0 1.0
f Suzanne 17 1.0 0.0 0.0 0.0 0.0 1.0 0.0 0.0 0.0 0.0 1.0 0.0 0.0 0.0 0.0 1.0
f Cube.001 17 0.9937956929206848 0.0 -0.111221082508564 0.0 0.0 1.0 0.0 0.0 0.111221082508564 0.0 0.9937956929206848 0.0 -0.06990740448236465 0.0 -0.020116107538342476 1.0
f Cube.002 17 0.9951502680778503 0.0 0.09836655110120773 0.0 0.0 1.0 0.0 0.0 -0.09836655110120773 0.0 0.9951502680778503 0.0 0.0444013774394989 0.0 0.046779219061136246 1.0
f Cone.001 17 1.0 0.0 0.0 0.0 0.0 1.0 0.0 0.0 0.0 0.0 1.0 0.0 0.0 0.0 0.0 1.0
f Cone 17 0.08309008181095123 -0.9965420365333557 0.0 0.0 0.9965420365333557 0.08309008181095123 0.0 0.0 0.0 0.0 1.0 0.0 -0.3389352560043335 -0.22078444063663483 0.0 1.0
f Cube 17 1.0 0.0 0.0 0.0 0.0 1.0 0.0 0.0 0.0 0.0 1.0 0.0 0.0 0.0 0.0 1.0
f Suzanne 18 1.0 0.0 0.0 0.0 0.0 1.0 0.0 0.0 0.0 0.0 1.0 0.0 0.0 0.0 0.0 1.0
f Cube.001 18 0.9987392425537109 0.0 -0.050198815762996674 0.0 0.0 1.0 0.0 0.0 0.050198815762996674 0.0 0.9987392425537109 0.0 -0.031490206718444824 0.0 -0.009059712290763855 1.0
f Cube.002 18 0.9990149140357971 0.0 0.044375963509082794 0.0 0.0 1.0 0.0 0.0 -0.044375963509082794 0.0 0.9990149140357971 0.0 0.01999841071665287 0.0 0.021069584414362907 1.0
f Cone.001 18 1.0 0.0 0.0 0.0 0.0 1.0 0.0 0.0 0.0 0.0 1.0 0.0 0.0 0.0 0.0 1.0
f Cone 18 0.6990254521369934 -0.7150968313217163 0.0 0.0 0.7150968313217163 0.6990254521369934 0.0 0.0 0.0 0.0 1.0 0.0 -0.17449598014354706 -0.11348817497491837 0.0 1.0
f Cube 18 1.0 0.0 0.0 0.0 0.0 1.0 0.0 0.0 0.0 0.0 1.0 0.0 0.0 0.0 0.0 1.0
f Suzanne 19 1.0 0.0 0.0 0.0 0.0 1.0 0.0 0.0 0.0 0.0 1.0 0.0 0.0 0.0 0.0 1.0
f Cube.001 19 0.9999215006828308 0.0 -0.012530696578323841 0.0 0.0 1.0 0.0 0.0 0.012530696578323841 0.0 0.9999215006828308 0.0 -0.007855232805013657 0.0 -0.0022595494519919157 1.0
f Cube.002 19 0.9999386668205261 0.0 0.01107507199048996 0.0 0.0 1.0 0.0 0.0 -0.01107507199048996 0.0 0.9999386668205261 0.0 0.004988035652786493 0.0 0.00525525351986289 1.0
f Cone.001 19 1.0 0.0 0.0 0.0 0.0 1.0 0.0 0.0 0.0 0.0 1.0 0.0 0.0 0.0 0.0 1.0
f Cone 19 0.9755585193634033 -0.21973967552185059 0.0 0.0 0.21973967552185059 0.9755585193634033 0.0 0.0 0.0 0.0 1.0 0.0 -0.045876819640398026 -0.029780779033899307 0.0 1.0
f Cube 19 1.0 0.0 0.0 0.0 0.0 1.0 0.0 0.0 0.0 0.0 1.0 0.0 0.0 0.0 0.0 1.0
f Suzanne 20 1.0 0.0 0.0 0.0 0.0 1.0 0.0 0.0 0.0 0.0 1.0 0.0 0.0 0.0 0.0 1.0
f Cube.001 20 1.0 0.0 0.0 0.0 0.0 1.0 0.0 0.0 0.0 0.0 1.0 0.0 0.0 0.0 0.0 1.0
f Cube.002 20 1.0 0.0 0.0 0.0 0.0 1.0 0.0 0.0 0.0 0.0 1.0 0.0 0.0 0.0 0.0 1.0
f Cone.001 20 1.0 0.0 0.0 0.0 0.0 1.0 0.0 0.0 0.0 0.0 1.0 0.0 0.0 0.0 0.0 1.0
f Cone 20 1.0 0.0 0.0 0.0 0.0 1.0 0.0 0.0 0.0 0.0 1.0 0.0 0.0 0.0 0.0 1.0
f Cube 20 1.0 0.0 0.0 0.0 0.0 1.0 0.0 0.0 0.0 0.0 1.0 0.0 0.0 0.0 0.0 1.0
